"N","Date","AAPL","GOOGL","MSFT","IBM","T"
"1",2008-01-02,199.27,692.87,35.79,108.99,41.46
"2",2008-01-03,195.41,685.26,35.22,104.41,41.03
"3",2008-01-04,191.45,679.69,35.19,103.95,41.16
"4",2008-01-07,181.25,653.94,34.55,100.355,41.19
"5",2008-01-08,180.14,653,34.71,100.05,41.36
"6",2008-01-09,171.3,630.04,33.36,98.08,39.01
"7",2008-01-10,177.58,645.01,34.35,97.39,38.7
"8",2008-01-11,176,642.7,34.14,99.25,38.96
"9",2008-01-14,177.52,651.14,34.46,105,38.37
"10",2008-01-15,177.72,645.9,34.03,102.04,37.88
"11",2008-01-16,165.23,628.97,33.42,100.48,37.55
"12",2008-01-17,161.51,620.76,33.54,102.67,37.868
"13",2008-01-18,161.71,608.36,33.16,106.51,37.3
"14",2008-01-22,148.06,562.03,31.54,99.16,34.35
"15",2008-01-23,136.19,560.71,31.48,100.05,35.26
"16",2008-01-24,139.99,558.8,32.35,106.38,36.73
"17",2008-01-25,138.99,591.81,34.9,107.03,36.1
"18",2008-01-28,128.16,570.97,33.02,104.41,35.24
"19",2008-01-29,131.15,560.47,32.85,105.53,36.77
"20",2008-01-30,131.37,549.19,32.56,105.42,37.57
"21",2008-01-31,129.45,539.01,31.91,104.36,36.81
"22",2008-02-01,136.24,528.67,31.06,107.21,38.65
"23",2008-02-04,134.21,509.07,30.49,108.4,38.49
"24",2008-02-05,130.43,489.43,29.91,106.87,37.96
"25",2008-02-06,130.83,511.14,29.28,105.05,37.06
"26",2008-02-07,119.97,496.86,28.34,102.89,36.39
"27",2008-02-08,122.08,509.41,28.29,102.34,36.73
"28",2008-02-11,128.01,520.52,28.52,102.9,36.36
"29",2008-02-12,130.7,523.39,28.43,105.16,36.95
"30",2008-02-13,126.68,522.5,28.62,106.92,37.73
"31",2008-02-14,129.4,538.35,28.88,107.99,38.76
"32",2008-02-15,126.27,528.31,28.31,105.83,37.82
"33",2008-02-19,125.99,534.94,28.8,106.79,38.04
"34",2008-02-20,122.2,503.51,28.15,104.6,34.88
"35",2008-02-21,126.05,512.85,28.62,108.1,34.92
"36",2008-02-22,122.48,502.06,28.24,107.14,34.68
"37",2008-02-25,118.59,505.95,27.65,107.68,34.84
"38",2008-02-26,117.64,461.2,27.74,109.42,35.26
"39",2008-02-27,118.23,460.13,28.19,112.97,35.45
"40",2008-02-28,127.2,470.5,28.02,115.9,34.62
"41",2008-02-29,129.75,476.5,27.76,114.05,35.49
"42",2008-03-03,124.44,471.51,27.24,114.09,34.92
"43",2008-03-04,121.99,450.95,27.02,113.25,34.72
"44",2008-03-05,123.58,445.25,27.75,115.15,34.91
"45",2008-03-06,124.4899,447.69,28.06,115.07,35.34
"46",2008-03-07,120.41,428.88,27.34,112.1,34.68
"47",2008-03-10,121.98,428.83,27.83,113.12,35.06
"48",2008-03-11,124.1,425.26,28.4,115.8,35.26
"49",2008-03-12,127.04,440.01,29.43,116.1,36.2
"50",2008-03-13,124.1,432.67,28.54,115.69,34.92
"51",2008-03-14,129.88,442.98,28.72,116.1,35.72
"52",2008-03-17,122.55,427.99,27.3,113,34.51
"53",2008-03-18,129.18,428.98,28.67,116.76,36.15
"54",2008-03-19,133.12,441.11,29.295,118.29,37
"55",2008-03-20,131.12,427.32,28.74,117.6,36.47
"56",2008-03-24,134.01,438.43,29.33,118.57,36.93
"57",2008-03-25,139.96,457.46,29.33,119.1,37.8
"58",2008-03-26,140.87,452.59,29.03,117.48,37.6
"59",2008-03-27,144.95,446,28.48,116.1,37.94
"60",2008-03-28,141.8,447.46,28.23,116.01,37.94
"61",2008-03-31,143.27,435.64,27.88,113.95,37.71
"62",2008-04-01,146.3,447.74,28.83,115.14,38.97
"63",2008-04-02,148.78,469.9,29.57,116.84,39.6
"64",2008-04-03,147.06,461.73,29.06,114.35,38.55
"65",2008-04-04,152.19,457.01,29.13,116.05,38.99
"66",2008-04-07,156.13,477.03,29.55,116.37,38.93
"67",2008-04-08,153.55,473.04,28.94,115.5,38.66
"68",2008-04-09,153.31,469.13,28.8125,116.5,38.72
"69",2008-04-10,151.13,464.96,28.83,117.5,38.12
"70",2008-04-11,152.72,464.07,28.87,117.33,37.82
"71",2008-04-14,146.77,457.16,28.24,116.2,37.35
"72",2008-04-15,149.4,451.66,28.1,117.1,37.31
"73",2008-04-16,151.76,444.3,28.53,118.21,37.41
"74",2008-04-17,154.18,455.64,29.12,122.39,37.43
"75",2008-04-18,159.04,535,29.99,123.85,37.88
"76",2008-04-21,162.35,539,30.2,122.05,37.46
"77",2008-04-22,167.41,537.8,30.63,123.87,38
"78",2008-04-23,164.05,558,30.45,123.69,37.91
"79",2008-04-24,165.31,551.29,31.63,123.38,38.5
"80",2008-04-25,170.6,548.7,30.02,124.5,38.77
"81",2008-04-28,169.74,544,29.8,122.98,38.6
"82",2008-04-29,171.11,550.22,28.8,122.05,38.33
"83",2008-04-30,176.26,562.27,28.75,123.34,38.74
"84",2008-05-01,175.01,578.31,28.48,121.06,39.29
"85",2008-05-02,180.31,598.84,29.55,123.3,40.01
"86",2008-05-05,181.81,599,29.95,122.76,40.06
"87",2008-05-06,184.56,591,29,121.5,39.51
"88",2008-05-07,186.13,590.7,29.69,122.78,39.22
"89",2008-05-08,183.75,586.2,29.26,124.2,38.89
"90",2008-05-09,183.18,579.5,29.15,124.37,38.58
"91",2008-05-12,185.12,574.75,29.35,123.8,38.61
"92",2008-05-13,188.6,587,30.02,125.31,39.13
"93",2008-05-14,191.29,586.5,29.95,126.61,39.36
"94",2008-05-15,186.78,579,29.95,127.06,39.71
"95",2008-05-16,190.3,581.43,30.48,128.46,39.85
"96",2008-05-19,187.9,578.55,29.89,127.68,40.1
"97",2008-05-20,181.83,574.63,29.28,126.05,40.26
"98",2008-05-21,185.61,577.79,28.8,125.05,39.36
"99",2008-05-22,179.18,551.67,28.28,123.55,38.87
"100",2008-05-23,180.75,546.91,28.25,124.35,39.04
"101",2008-05-27,182.8,544.26,28.05,124.01,38.62
"102",2008-05-28,187.49,567.96,28.56,127.5,39.01
"103",2008-05-29,186.93,574.79,28.16,129.04,39.36
"104",2008-05-30,187.5,583.47,28.33,129.22,40.25
"105",2008-06-02,188.5,582.5,28.24,128.67,39.67
"106",2008-06-03,186.9,577.945,27.95,127.48,39.41
"107",2008-06-04,184,565.33,27.25,127.24,38.53
"108",2008-06-05,186.25,576.21,27.71,127.41,38.6
"109",2008-06-06,188,579.89,27.98,127.6,39.06
"110",2008-06-09,184.92,568.06,27.61,125.38,38.53
"111",2008-06-10,180.33,549.3,27.35,124.88,37
"112",2008-06-11,184.34,556,27.85,125.9,37.11
"113",2008-06-12,181.45,548.01,27.4,123.85,36.37
"114",2008-06-13,171.5,561.95,28.61,124.42,36.56
"115",2008-06-16,171.25,566.5,29.01,125.46,35.95
"116",2008-06-17,178.17,576.02,29,127.1,36.28
"117",2008-06-18,181,564.96,28.56,124.55,35.53
"118",2008-06-19,178.48,554.87,28.51,123.84,35.22
"119",2008-06-20,176.55,547.84,28.31,123.14,34.69
"120",2008-06-23,174.78,545.36,28.28,123,34.51
"121",2008-06-24,172.06,544.86,27.9,123.08,34.19
"122",2008-06-25,174.5,544,27.8,123.67,34.89
"123",2008-06-26,174.14,544.59,27.95,123.43,34.78
"124",2008-06-27,166.44,527.41,27.68,121.02,33.5
"125",2008-06-30,170.04,532.25,27.65,119.99,32.75
"126",2008-07-01,164.05,520,27.22,117.5,33.41
"127",2008-07-02,175.05,535.77,26.88,118.41,33.48
"128",2008-07-03,169.59,531,25.85,119.95,32.95
"129",2008-07-07,173,542.33,26.1,119.62,32.69
"130",2008-07-08,175.4,545.34,25.9,120.55,32.37
"131",2008-07-09,180.25,550.76,25.75,124.21,33.05
"132",2008-07-10,174.91,545,25.18,120.66,32.6
"133",2008-07-11,175.37,536.5,25.11,121.8,32.5
"134",2008-07-14,175.37,536.5,25.11,121.8,32.5
"135",2008-07-15,172.3,516.28,24.93,121,31.68
"136",2008-07-16,170.08,514.04,26.07,122.81,32.12
"137",2008-07-17,174.09,535.35,27.58,126.39,32.09
"138",2008-07-18,168.21,498.84,26.28,125.81,32
"139",2008-07-21,166.9,480.44,25.67,129.83,32.2
"140",2008-07-22,148.9,467,25.56,127.5,31.56
"141",2008-07-23,165.15,482,25.92,129.78,32.79
"142",2008-07-24,164.3,496.84,26.08,129.06,32.82
"143",2008-07-25,160.37,486.96,25.66,129,31.9
"144",2008-07-28,162.18,492.09,25.93,127.69,31.49
"145",2008-07-29,156.55,479.3,25.52,126.54,30.68
"146",2008-07-30,157.71,485.5,26.18,128.12,30.92
"147",2008-07-31,157.7,475.96,25.85,128.1,30.85
"148",2008-08-01,159.94,472.06,25.95,128.52,31.01
"149",2008-08-04,156.58,468.8,25.36,126.77,30.47
"150",2008-08-05,155.5,467.89,25.67,127.56,30.35
"151",2008-08-06,159.97,478.37,26.73,128.45,30.9
"152",2008-08-07,162.89,482,26.9,129.16,30.59
"153",2008-08-08,163.86,480.15,27.35,129.05,30.42
"154",2008-08-11,170.07,492.47,27.86,128.43,30.97
"155",2008-08-12,173.52,502,27.78,126.01,31.94
"156",2008-08-13,177.98,501.6,28.07,125,31.52
"157",2008-08-14,178.33,497.7,27.82,125.01,31.15
"158",2008-08-15,179.04,506.99,27.98,127.07,31.18
"159",2008-08-18,175.57,509.84,27.78,126.49,31.77
"160",2008-08-19,174.54,490.43,27.54,123.63,31.27
"161",2008-08-20,174.7725,494.72,27.535,123.5,30.96
"162",2008-08-21,174.47,482.92,27.1,121.58,30.46
"163",2008-08-22,175.82,491.5,27.23,123.3,30.9
"164",2008-08-25,176.15,486.11,27.61,124.48,31.03
"165",2008-08-26,172.76,483.46,27.58,122.58,30.5
"166",2008-08-27,173.31,473.73,27.34,122.42,30.71
"167",2008-08-28,175.28,472.49,27.61,124.06,31.4
"168",2008-08-29,172.96,469.75,27.68,123.71,32.01
"169",2008-09-02,172.4,476.77,27.665,122.87,32.53
"170",2008-09-03,166.84,468.195,27.01,118.34,32.12
"171",2008-09-04,165.86,460,26.695,117.99,32.25
"172",2008-09-05,158.59,445.49,26.03,114.15,31.36
"173",2008-09-08,164.57,452.02,26.21,118,32.13
"174",2008-09-09,156.86,423.17,26.2,117.78,32.37
"175",2008-09-10,152.32,424.47,26.52,116.4,32.49
"176",2008-09-11,148.18,408.35,26.1,116.6,31.25
"177",2008-09-12,150.9099,430.21,27.14,118.66,31.38
"178",2008-09-15,142.03,424,26.92,115.36,30.73
"179",2008-09-16,133.86,425.96,26.09,113.73,29.57
"180",2008-09-17,138.49,438.48,25.73,114.79,29.41
"181",2008-09-18,130.57,422.64,24.8,112.91,28.88
"182",2008-09-19,142.6,461,26.37,119.59,30.66
"183",2008-09-22,139.94,454.13,26.22,118.45,30.46
"184",2008-09-23,131.85,433.25,25.66,116.21,29.29
"185",2008-09-24,127.27,430.34,25.58,116.93,29.01
"186",2008-09-25,129.8,438.84,25.82,117.75,29.24
"187",2008-09-26,124.91,428,26.17,117.21,29.6
"188",2008-09-29,119.62,419.51,26.94,117.44,29.63
"189",2008-09-30,108.25,395.98,25.77,115.83,28.35
"190",2008-10-01,111.92,411.15,26.38,115.51,28.15
"191",2008-10-02,108.01,409.79,26.18,108.48,28.2
"192",2008-10-03,104,399.9,26.365,105.16,28.25
"193",2008-10-06,91.96,373.98,25.63,101.21,27.48
"194",2008-10-07,100.48,373.33,24.98,101.5,27.4
"195",2008-10-08,85.9125,330.16,22.9,91.51,25.02
"196",2008-10-09,93.35,344.52,23.765,95.29,24.82
"197",2008-10-10,85.7,313.16,21.79,87.41,22.14
"198",2008-10-13,104.55,355.79,22.86,90.44,23.27
"199",2008-10-14,116.26,393.53,25.64,96.42,27.56
"200",2008-10-15,103.84,354.65,23.78,92.77,26
"201",2008-10-16,99.77,332.76,22.935,89.38,24.91
"202",2008-10-17,99.6,378.96,23.565,91.75,24.9
"203",2008-10-20,99.78,379.75,24.2,92.21,25.68
"204",2008-10-21,96.95,372.39,24.3,92.22,26.78
"205",2008-10-22,97.37,356.99,23.04,87,25
"206",2008-10-23,96.51,353.65,21.55,84.09,23.86
"207",2008-10-24,90.33,326.47,21.06,79.27,23.12
"208",2008-10-27,95.07,334.81,21.67,80.27,24.59
"209",2008-10-28,95.43,339.05,21.64,81.4,25.09
"210",2008-10-29,100.86,365.79,23.13,87.74,27.53
"211",2008-10-30,108.23,368.46,23.69,91.01,27.79
"212",2008-10-31,107.4,356.16,22.53,90.9,26.94
"213",2008-11-03,105.93,357.58,22.48,92.64,26.87
"214",2008-11-04,109.99,353.44,23.13,94.76,28.55
"215",2008-11-05,108.91,362.15,23.33,92.93,28.8
"216",2008-11-06,101.05,339.97,21.87,87.68,26.92
"217",2008-11-07,99.24,333.12,21.32,85.78,26.22
"218",2008-11-10,100.17,328,21.845,87.99,27.78
"219",2008-11-11,94.81,308.69,21.29,83.25,27.28
"220",2008-11-12,92.43,302.05,20.89,80.73,26.88
"221",2008-11-13,89.87,291.77,20.15,79.62,26.12
"222",2008-11-14,93.76,303.25,20.56,82.63,28.02
"223",2008-11-17,88.48,303,19.74,79.4,27.32
"224",2008-11-18,89.64,301.57,19.5,79.13,26.55
"225",2008-11-19,89.44,295.39,19.63,79.93,26.5
"226",2008-11-20,85.24,274.89,18.115,75,24.91
"227",2008-11-21,81.93,262.51,18.02,72.74,25.05
"228",2008-11-24,85.21,269.26,19.89,75.74,25.77
"229",2008-11-25,94.63,268.68,20.86,81.37,27.63
"230",2008-11-26,89.92,280.28,19.73,79.52,26.64
"231",2008-11-28,94.7,290.58,20.23,81,28.19
"232",2008-12-01,91.3,286.68,19.875,80.95,28
"233",2008-12-02,90.03,269.73,18.99,77.8,27.34
"234",2008-12-03,89.4,269.85,18.65,78.62,27.41
"235",2008-12-04,94.43,276.53,19.4,80.03,28.29
"236",2008-12-05,90.35,271.02,18.91,76.78,27.63
"237",2008-12-08,97.28,289.99,20.35,82.57,28.9
"238",2008-12-09,98.395,297.69,20.62,83.82,29.83
"239",2008-12-10,97.87,309.24,20.82,83.95,29.36
"240",2008-12-11,97.35,304.17,20.11,81.5,27.65
"241",2008-12-12,92.8,295.71,19.15,78.68,27.42
"242",2008-12-15,95.99,314.01,19.34,82.51,27.65
"243",2008-12-16,93.98,314.52,19.21,83.11,27.25
"244",2008-12-17,91.03,318.64,19.81,85.44,28.01
"245",2008-12-18,89.31,316.7,19.86,85.77,28.4
"246",2008-12-19,90.13,316.27,19.69,84.59,28.45
"247",2008-12-22,90.02,308.56,19.24,83.27,28.14
"248",2008-12-23,86.87,300.43,19.28,82.35,28.27
"249",2008-12-24,86.14,301.4799,19.26,80.55,27.78
"250",2008-12-26,86.64,304.07,19.2,80.93,27.98
"251",2008-12-29,86.52,300.22,19.15,81.72,28.02
"252",2008-12-30,87.42,300.8,19.01,81.83,27.9
"253",2008-12-31,85.97,304.2,19.31,83.5,28.19
"254",2009-01-02,85.88,308.5995,19.5328,83.89,28.74
"255",2009-01-05,93.17,321,20.2,86.42,28.8
"256",2009-01-06,95.95,332.98,20.75,87.11,28.51
"257",2009-01-07,91.81,328.32,20.19,87.83,27.65
"258",2009-01-08,90.43,318.28,19.63,87.81,26.92
"259",2009-01-09,93.21,327.5,20.17,87.05,27.16
"260",2009-01-12,90.46,316.31,19.71,84.57,26.73
"261",2009-01-13,88.24,311.77,19.52,85.5,25.88
"262",2009-01-14,86.24,310,19.53,84.2,25.61
"263",2009-01-15,80.56,297.57,19.09,83.34,25.28
"264",2009-01-16,84.3,305.02,19.63,84.61,25.87
"265",2009-01-20,81.93,299.14,19.46,84.76,25.06
"266",2009-01-21,79.45,289.79,18.86,86.35,25.24
"267",2009-01-22,88,298.04,18.04,89.83,25.18
"268",2009-01-23,86.81,309.279,16.98,88.4,25.07
"269",2009-01-26,88.88,324.85,17.29,89.77,26.1
"270",2009-01-27,90.19,326,17.79,91.77,26
"271",2009-01-28,92.15,337.98,17.8,92.7,25.25
"272",2009-01-29,93.09,344.54,17.78,93.58,25.38
"273",2009-01-30,92.62,344.69,17.74,92.23,24.77
"274",2009-02-02,89.1,334.27,17.01,90.6,24.95
"275",2009-02-03,91.92,342.57,17.85,91.07,25.44
"276",2009-02-04,93.24,340.296,18.54,93.74,25.54
"277",2009-02-05,92.77,340.47,18.52,92.13,24.61
"278",2009-02-06,97,356.46,19.1,92.51,25.17
"279",2009-02-09,101.165,370.82,19.69,95.93,26.12
"280",2009-02-10,101.17,375.26,19.25,95.58,25.7
"281",2009-02-11,96.35,358.96,18.96,93.48,24.75
"282",2009-02-12,95.83,353.16,18.97,94.41,24.17
"283",2009-02-13,99.11,361.43,19.27,94.79,24.31
"284",2009-02-17,96.79,345.59,18.49,91.73,23.62
"285",2009-02-18,95.03,347.04,18.225,91.17,23.35
"286",2009-02-19,93.37,357.5,18.3,91.69,23.26
"287",2009-02-20,89.4,338.05,17.74,88.05,22.94
"288",2009-02-23,91.6,347,18.02,89.3,23.84
"289",2009-02-24,87.4475,331.02,17.03,84.42,22.64
"290",2009-02-25,89.86,342.15,17.02,86,23.46
"291",2009-02-26,92,345.98,17.05,87,24.05
"292",2009-02-27,87.91,332.95,16.29,88.01,23.43
"293",2009-03-02,89.31,333.33,16.035,91.17,22.8
"294",2009-03-03,88.83,330.07,16.01,90.16,23.15
"295",2009-03-04,90.24,323.16,16.1,88.97,23.07
"296",2009-03-05,90.25,316.22,15.86,88.13,22.55
"297",2009-03-06,88.34,307.22,15.3599,87.47,22.77
"298",2009-03-09,84.12,299.646,15.2,84.7,22.09
"299",2009-03-10,84.87,298.25,15.37,85.11,22.1
"300",2009-03-11,89.9,310.1,16.63,87.51,23.24
"301",2009-03-12,92.9703,317.54,17.01,88.59,23.49
"302",2009-03-13,96.3,326.1,16.99,90.4,24.7
"303",2009-03-16,96.45,325.99,16.78,91.34,24.5
"304",2009-03-17,95.26,320.18,16.3229,91.11,24.33
"305",2009-03-18,99.91,334.79,17.03,89.41,25.25
"306",2009-03-19,101.91,331.68,17.37,93.08,26.05
"307",2009-03-20,102.09,330.3,17.32,93.16,25.84
"308",2009-03-23,102.71,333.56,17.37,93.7,25.94
"309",2009-03-24,106.36,346.5,18.04,97.69,26.63
"310",2009-03-25,107.58,350.4,17.98,98.47,26.47
"311",2009-03-26,107.83,353.13,18.17,98.47,26.38
"312",2009-03-27,108.23,350,18.5427,95.99,25.94
"313",2009-03-30,104.51,342.548,17.74,92,25.49
"314",2009-03-31,105.45,348.934,17.83,94.96,25.44
"315",2009-04-01,104.09,343.78,18.23,96.13,24.77
"316",2009-04-02,110.145,363.31,19.5,99.15,26.5
"317",2009-04-03,114.19,364.5,19.13,99.73,26.72
"318",2009-04-06,114.94,367,18.54,100.9,26.4
"319",2009-04-07,116.53,362.6,18.76,100.1725,25.77
"320",2009-04-08,115.43,363.5,18.97,99.45,25.4
"321",2009-04-09,118.42,369.5,19.45,102.01,25.7
"322",2009-04-13,120.01,371.33,19.69,100.28,25.93
"323",2009-04-14,119.57,376.94,19.44,99.08,25.8
"324",2009-04-15,117.2,367.1,19.21,98.23,25.33
"325",2009-04-16,119.19,381.5,19.16,99.74,25.65
"326",2009-04-17,121.18,386.02,19.685,101.18,26.28
"327",2009-04-20,121.73,386.15,18.89,100.29,25.65
"328",2009-04-21,118.89,376.17,18.59,98.41,25.2
"329",2009-04-22,122.63,381.75,18.76,101.17,25.8
"330",2009-04-23,126.62,387.51,18.92,102.65,26
"331",2009-04-24,124.64,386.05,19.82,101.17,25.56
"332",2009-04-27,122.9,384.34,20.55,99.61,25.2
"333",2009-04-28,123.3501,383.75,20.25,99.36,25.2
"334",2009-04-29,124.85,385.97,20.11,101.98,25.9
"335",2009-04-30,126.22,395.76,20.6,104.55,25.83
"336",2009-05-01,125.8,395.03,20.19,103.78,25.88
"337",2009-05-04,128.24,398.17,20.37,105.26,26.11
"338",2009-05-05,131.75,399.98,20.14,106,26.51
"339",2009-05-06,133.33,406.79,20.06,105.23,26.64
"340",2009-05-07,132.33,404.1,19.96,104.65,26.2
"341",2009-05-08,129.04,402.85,19.46,103.58,25.7
"342",2009-05-11,127.37,402.8,19.2,101.09,25.22
"343",2009-05-12,129.56,410.01,19.51,102.98,25.49
"344",2009-05-13,123.21,394.09,19.9225,102.88,25.4
"345",2009-05-14,119.78,388.8,19.83,101.72,25.42
"346",2009-05-15,122.32,391.1,20.13,100.9,25.09
"347",2009-05-18,123.73,394.73,20.36,102,25.02
"348",2009-05-19,126.82,396.1,20.51,104.33,24.75
"349",2009-05-20,127.63,402.09,20.41,105.51,24.86
"350",2009-05-21,125.15,396.3,20.14,103.07,23.98
"351",2009-05-22,124.05,396.66,19.93,102.67,23.59
"352",2009-05-26,124.76,391.9495,19.54,101.32,23.8
"353",2009-05-27,131.78,405.64,20.25,104.34,24.44
"354",2009-05-28,133.45,408.68,20.32,103.34,24.22
"355",2009-05-29,135.39,412.11,20.56,104.47,24.73
"356",2009-06-01,136.47,418.73,21,106.94,24.97
"357",2009-06-02,138.99,426.25,21.36,107.51,24.71
"358",2009-06-03,140,426,21.31,106.53,24.67
"359",2009-06-04,140.13,435.3,21.77,106.17,24.64
"360",2009-06-05,145.31,445.07,21.96,107.33,24.6
"361",2009-06-08,143.82,439.5,21.98,106.64,24.22
"362",2009-06-09,143.81,438.58,22.06,108.15,24.44
"363",2009-06-10,142.28,436.23,22.17,109.2,24.32
"364",2009-06-11,139.55,431.77,22.59,108.75,24.36
"365",2009-06-12,138.81,426.86,22.9,108.4,24.65
"366",2009-06-15,136.01,421.5,23.23,107.63,24.78
"367",2009-06-16,136.66,419.31,23.47,108.47,24.36
"368",2009-06-17,136.67,416.19,23.5,107.46,24.26
"369",2009-06-18,136.11,415.68,23.62,106.93,24.13
"370",2009-06-19,138.07,418.21,24.04,106.31,24.31
"371",2009-06-22,140.67,416.95,23.95,105.18,23.92
"372",2009-06-23,136.4,406.65,23.38,104.75,24.23
"373",2009-06-24,135.42,408.74,23.45,105.39,24.83
"374",2009-06-25,135.75,407,23.43,103.7,24.5
"375",2009-06-26,139.79,413.68,23.57,106.5,24.77
"376",2009-06-29,143.46,426,23.6,105.99,24.89
"377",2009-06-30,142.58,424,23.97,105.69,25.14
"378",2009-07-01,143.5,424.2,24.05,105,24.94
"379",2009-07-02,141.25,415.41,23.76,103.8,24.99
"380",2009-07-06,138.7,406.5,23.21,101.57,24.55
"381",2009-07-07,138.48,408.24,23.08,101.34,24.86
"382",2009-07-08,135.92,400,22.31,100.29,24.15
"383",2009-07-09,137.76,406.12,22.65,101.12,23.66
"384",2009-07-10,136.34,409.575,22.19,100.97,23.33
"385",2009-07-13,139.54,416.174,22.42,101.28,23.53
"386",2009-07-14,142.03,423.71,23.2,103.42,23.7
"387",2009-07-15,145.04,429.66,23.75,104.75,23.59
"388",2009-07-16,145.76,436.68,23.93,106.84,23.9
"389",2009-07-17,149.08,433,24.4,113.41,23.82
"390",2009-07-20,153.27,429.88,24.44,114.53,24.13
"391",2009-07-21,153.29,430.94,24.69,115.87,24.56
"392",2009-07-22,157.79,428,24.64,116.18,24.69
"393",2009-07-23,156.63,428.68,24.93,115.06,25.03
"394",2009-07-24,156.95,435.81,23.61,116.68,25.27
"395",2009-07-27,160.17,446.04,23.44,116.95,25.65
"396",2009-07-28,158.88,441,22.99,116.63,25.62
"397",2009-07-29,158.9,437.23,23.73,116.36,25.46
"398",2009-07-30,161.7,442.61,24.2,118,26.2
"399",2009-07-31,162.9881,449.98,23.77,117.56,26.34
"400",2009-08-03,165.21,448.74,23.82,118.88,26.7
"401",2009-08-04,164.93,449.37,23.68,119.17,26.34
"402",2009-08-05,165.75,456,23.84,118.515,26.37
"403",2009-08-06,165.58,454.3,23.93,118.31,25.75
"404",2009-08-07,165.49,455.67,23.75,118.11,25.77
"405",2009-08-10,165.66,455.14,23.46,118.17,25.72
"406",2009-08-11,163.69,453.67,23.32,118.03,25.51
"407",2009-08-12,162.55,455.41,23.13,117.6,25.39
"408",2009-08-13,166.65,462.15,23.63,119.28,25.69
"409",2009-08-14,167.94,462.78,23.66,119.29,25.49
"410",2009-08-17,163.55,451.5,23.32,116.69,25.29
"411",2009-08-18,161.63,445.1,23.29,116.81,25.11
"412",2009-08-19,162.75,439.99,23.25,116.36,24.91
"413",2009-08-20,164.98,452,23.6,118.44,25.41
"414",2009-08-21,167.65,465.54,23.93,119.65,25.88
"415",2009-08-24,170.12,467.35,24.41,119.92,26.18
"416",2009-08-25,169.4599,469.13,24.6,119.25,26.38
"417",2009-08-26,168.92,472.76,24.59,118.64,26.29
"418",2009-08-27,168.75,468.58,24.41,118.73,26.67
"419",2009-08-28,172.27,469.26,25.07,120.1,26.55
"420",2009-08-31,168.16,459.79,24.57,117.1,25.99
"421",2009-09-01,167.99,459.68,24.35,117.67,25.95
"422",2009-09-02,164.62,455.82,23.82,116.34,25.43
"423",2009-09-03,166.44,455.82,23.91,116.55,25.47
"424",2009-09-04,167.2757,457.57,24.09,116.58,25.18
"425",2009-09-08,172.98,464.29,24.62,117.94,25.89
"426",2009-09-09,172.78,459.06,24.74,117.03,25.85
"427",2009-09-10,172.06,466.65,24.8,116.99,26.06
"428",2009-09-11,172.91,470.4,24.93,117.8,26.4
"429",2009-09-14,170.83,470.51,24.65,117,26.46
"430",2009-09-15,174.04,475.08,24.97,118.78,26.49
"431",2009-09-16,177.99,479.8,25.25,119.5,26.81
"432",2009-09-17,181.98,490.57,25.06,121.14,26.5
"433",2009-09-18,185.83,496.77,25.46,122.45,26.52
"434",2009-09-21,184.29,487.74,25.11,121.03,26.88
"435",2009-09-22,185.19,500.92,25.4,122.09,26.95
"436",2009-09-23,185.4,500.78,25.92,121.26,27.03
"437",2009-09-24,187.2,500.47,25.92,120.69,27.34
"438",2009-09-25,182.01,494.29,25.69,120.27,26.99
"439",2009-09-28,183.87,494.84,25.6,120.52,27.14
"440",2009-09-29,186.73,499.53,25.91,119.36,27.34
"441",2009-09-30,186.13,500,25.76,119.18,27.34
"442",2009-10-01,185.35,493,25.405,119.39,27
"443",2009-10-02,181.41,483.74,24.455,117.4,26.55
"444",2009-10-05,186.2,487.65,24.98,118.9,26.71
"445",2009-10-06,187.74,491.7001,24.68,120.39,26.95
"446",2009-10-07,189.76,499,24.99,121.12,26.85
"447",2009-10-08,190.66,519.57,25.44,122.52,26.37
"448",2009-10-09,188.97,516.65,25.57,122.43,26.02
"449",2009-10-12,191.02,523.42,25.66,125.44,25.74
"450",2009-10-13,190.63,524.39,25.59,126.22,25.6
"451",2009-10-14,192.25,532.46,26.14,127.71,26.22
"452",2009-10-15,189.63,533.75,25.9,127.56,25.89
"453",2009-10-16,189.35,547.33,26.45,123.15,25.8
"454",2009-10-19,187.85,552.69,26.49,121.76,25.82
"455",2009-10-20,200.6,551.64,26.42,123.36,26.25
"456",2009-10-21,199.52,549.91,26.46,122.18,26.14
"457",2009-10-22,204.7,550,26.56,120.75,26.38
"458",2009-10-23,205.7,555.25,29.2,122.95,26.15
"459",2009-10-26,203.67,555.75,28.125,120.61,25.87
"460",2009-10-27,201.66,550.97,28.73,120.18,25.35
"461",2009-10-28,197.71,547.87,28.24,120.47,25.63
"462",2009-10-29,195,543.01,28.07,122.15,25.99
"463",2009-10-30,196.056,550,28.03,122.63,26.15
"464",2009-11-02,189.8,537.08,27.7,120.61,25.9
"465",2009-11-03,187.85,530.01,27.64,119.53,25.52
"466",2009-11-04,190.73,540.8,27.69,121.46,25.46
"467",2009-11-05,192.4,543.49,28.52,122.12,25.57
"468",2009-11-06,192.51,547.72,28.38,122.51,25.86
"469",2009-11-09,196.94,555.45,28.62,123.92,25.97
"470",2009-11-10,201.02,562.73,28.9,125.3,26.33
"471",2009-11-11,204.56,570.48,29.08,126.55,26.51
"472",2009-11-12,203.14,569.56,29.01,126.61,26.36
"473",2009-11-13,202.87,569.29,29.47,126.41,26.3
"474",2009-11-16,205.48,575,29.61,127.17,26.34
"475",2009-11-17,206.08,574.87,29.5,127.43,26.3
"476",2009-11-18,206.54,576.65,30,128.05,26.28
"477",2009-11-19,204.61,573.77,29.99,127.28,26.18
"478",2009-11-20,199.15,569.5,29.66,127.17,26.1
"479",2009-11-23,203,576.49,29.84,127.7,26.38
"480",2009-11-24,205.33,582.5,29.95,127.9,26.83
"481",2009-11-25,205.4,586.4054,29.81,127.88,27.25
"482",2009-11-27,199.22,572,29.11,124.59,26.49
"483",2009-11-30,201.11,580.63,29.15,125.12,26.96
"484",2009-12-01,202.24,588.13,29.52,127.29,27.18
"485",2009-12-02,198.96,590.98,29.9,127.32,27.31
"486",2009-12-03,197.42,589.04,29.84,127.6,27.39
"487",2009-12-04,199.6995,593.02,30.05,128.4,27.86
"488",2009-12-07,193.32,584.23,29.78,126.88,27.81
"489",2009-12-08,189.36,583.5,29.52,126.97,27.99
"490",2009-12-09,191.28,587.5,29.47,126.7,27.39
"491",2009-12-10,199.5,590.44,29.71,128.13,27.71
"492",2009-12-11,197.78,594.68,29.97,129.01,27.95
"493",2009-12-14,195.37,595.24,29.91,129.65,28.35
"494",2009-12-15,195.83,593.3,29.89,129.46,27.91
"495",2009-12-16,195.1,598.91,30.07,128.74,27.66
"496",2009-12-17,194.26,596.44,29.95,128,27.34
"497",2009-12-18,193.17,596.03,29.84,127.97,27.46
"498",2009-12-21,196.05,597.95,30.4,127.8,27.37
"499",2009-12-22,199.44,601.34,30.6,129.3,27.73
"500",2009-12-23,201.25,603.5,30.71,129.7,27.98
"501",2009-12-24,203.55,612.93,30.88,129.89,28.1
"502",2009-12-28,211.72,621.66,31,130.99,28.25
"503",2009-12-29,212.63,624.74,31.35,132.28,28.4
"504",2009-12-30,208.83,618.5,31.15,131.23,28.26
"505",2009-12-31,213.13,624.75,30.9799,132.41,28.29
"506",2010-01-04,213.43,626.95,30.62,131.18,28.41
"507",2010-01-05,214.6,627.18,30.85,131.68,28.7
"508",2010-01-06,214.38,625.86,30.88,130.68,27.95
"509",2010-01-07,211.75,609.4,30.63,129.87,27.58
"510",2010-01-08,210.3,592,30.28,129.07,27.29
"511",2010-01-11,212.8,604.46,30.71,131.06,27.18
"512",2010-01-12,209.19,598.08,30.15,129.03,26.85
"513",2010-01-13,207.87,576.49,30.26,130.39,27
"514",2010-01-14,210.11,583.9,30.31,130.55,26.64
"515",2010-01-15,210.93,591.59,31.08,132.03,26.25
"516",2010-01-19,208.33,581.49,30.75,131.63,25.92
"517",2010-01-20,214.91,585.98,30.81,130.46,26.03
"518",2010-01-21,212.08,583.44,30.61,130.47,25.92
"519",2010-01-22,206.78,564.5,30,128.67,25.52
"520",2010-01-25,202.51,546.59,29.24,126.33,25.73
"521",2010-01-26,205.95,537.97,29.2,125.92,25.4
"522",2010-01-27,206.85,541.27,29.35,125.82,25.21
"523",2010-01-28,204.93,544.49,29.84,127.03,25.7
"524",2010-01-29,201.08,538.49,29.9,124.32,25.61
"525",2010-02-01,192.37,534.602,28.39,123.23,25.67
"526",2010-02-02,195.91,534.9554,28.37,124.79,25.37
"527",2010-02-03,195.17,528.67,28.26,125.16,25.63
"528",2010-02-04,196.73,537,28.38,125.19,25.43
"529",2010-02-05,192.625,528.4,28,123.04,25.12
"530",2010-02-08,195.69,532.5,28.01,123.15,25.19
"531",2010-02-09,196.42,539.54,27.97,122.65,25.18
"532",2010-02-10,195.89,534.07,28.03,122.94,25.23
"533",2010-02-11,194.88,532.25,27.93,122.58,25.05
"534",2010-02-12,198.11,532.97,27.81,123.01,25.03
"535",2010-02-16,201.94,537.14,28.13,124.91,25.3
"536",2010-02-17,204.19,542,28.53,125.5,25.41
"537",2010-02-18,201.63,537.54,28.59,126.13,25.4
"538",2010-02-19,201.86,541,28.79,127.35,25.2
"539",2010-02-22,202.34,547.35,28.84,127.3,25.13
"540",2010-02-23,200,543,28.68,126.48,25
"541",2010-02-24,198.23,534.39,28.52,127.02,24.88
"542",2010-02-25,197.38,527.12,28.27,126.05,24.76
"543",2010-02-26,202.38,527.42,28.65,127.01,24.86
"544",2010-03-01,205.75,529.2,28.77,127.5,24.91
"545",2010-03-02,209.93,535.48,29.08,128.7,25
"546",2010-03-03,208.94,542.36,28.51,127.73,25.03
"547",2010-03-04,209.28,546.5,28.46,126.88,24.89
"548",2010-03-05,214.94,561.35,28.66,127.17,25.03
"549",2010-03-08,220.01,564.78,28.52,127.06,25.05
"550",2010-03-09,218.31,559.85,28.56,126.27,25.34
"551",2010-03-10,223.8295,563.76,28.86,125.985,25.61
"552",2010-03-11,223.91,574.26,28.89,125.71,25.42
"553",2010-03-12,227.37,588.14,29.32,127.91,25.69
"554",2010-03-15,225.38,566.68,29.18,127.4,25.68
"555",2010-03-16,224.18,561.83,29.42,128,25.86
"556",2010-03-17,224.9,568.3,29.5,128.9,25.95
"557",2010-03-18,224.1,564.72,29.6275,127.46,25.96
"558",2010-03-19,224.79,566.23,29.76,128.84,26.19
"559",2010-03-22,220.47,556.11,29.5,127.11,26.19
"560",2010-03-23,225.64,557.04,29.59,127.94,26.48
"561",2010-03-24,227.64,545.51,29.72,128.63,26.42
"562",2010-03-25,230.458,560.48,29.86,129.36,26.43
"563",2010-03-26,228.95,565.27,30.09,128.93,26.17
"564",2010-03-29,233,563,29.71,129.3,26.35
"565",2010-03-30,236.6027,562.83,29.63,128.9,26.23
"566",2010-03-31,235.49,565.05,29.64,128.23,25.9
"567",2010-04-01,237.49,571.35,29.35,128.95,26.05
"568",2010-04-05,234.975,570.9,29.13,128.38,26.3
"569",2010-04-06,238.2,569.46,29.15,128.68,26.27
"570",2010-04-07,239.72,567.3,29.16,128.53,26
"571",2010-04-08,240.44,563.32,29.32,128.04,25.61
"572",2010-04-09,241.43,568,29.95,127.88,26.11
"573",2010-04-12,242.2,567.35,30.25,128.57,26.57
"574",2010-04-13,241.86,572.53,30.15,128.26,26.32
"575",2010-04-14,245.28,590.06,30.79,129.73,26.17
"576",2010-04-15,245.78,592.17,30.82,130.53,26.16
"577",2010-04-16,248.57,563,30.79,130.68,26.2
"578",2010-04-19,247.03,548.75,30.77,130.38,26.09
"579",2010-04-20,248.54,554.17,31.22,129.2,26.42
"580",2010-04-21,258.805,556.46,31.33,129.87,26.74
"581",2010-04-22,258.24,552,31.04,128.64,26.09
"582",2010-04-23,267.99,547.25,31.12,129.08,26.17
"583",2010-04-26,271.88,544.97,31,129.76,26.23
"584",2010-04-27,267.27,528.94,30.95,129.9,26.2
"585",2010-04-28,263.25,532.1,30.92,129.4,26
"586",2010-04-29,263.02,533.37,30.93,130.55,26.08
"587",2010-04-30,269.31,531.13,31.07,130.43,26.21
"588",2010-05-03,263.84,526.5,30.67,129.39,26.24
"589",2010-05-04,262.89,526.52,30.52,128.89,26.32
"590",2010-05-05,253.03,500.98,29.77,127.12,25.9
"591",2010-05-06,253.83,508.75,29.59,126.29,25.71
"592",2010-05-07,243.71,499.97,28.93,123.36,25.21
"593",2010-05-10,250.25,513.97,29.01,126.27,25.77
"594",2010-05-11,251.84,515.67,28.68,125.21,25.5
"595",2010-05-12,259.245,512.04,28.98,127.16,25.73
"596",2010-05-13,263.22,516.5,29.26,130.93,25.8
"597",2010-05-14,255.165,509.77,29.2,131.06,25.73
"598",2010-05-17,254.7,506.78,29.12,130.68,25.45
"599",2010-05-18,256.98,510,28.87,131.26,25.86
"600",2010-05-19,249.5,496.26,28.52,129.37,25.53
"601",2010-05-20,241.88,485.07,27.65,127.22,25.28
"602",2010-05-21,232.82,469.06,26.63,122.16,24.36
"603",2010-05-24,247.28,480.73,26.85,125.26,24.71
"604",2010-05-25,239.35,468.155,25.65,121.47,24.09
"605",2010-05-26,250.08,482.07,26.23,124.89,24.31
"606",2010-05-27,250.6,484.86,25.73,125.05,24.41
"607",2010-05-28,259.3881,492.74,25.84,125.96,24.6
"608",2010-06-01,259.69,480.43,25.53,124.69,24.27
"609",2010-06-02,264.54,486.68,26.06,124.85,24.44
"610",2010-06-03,265.18,495.11,26.55,127.75,24.88
"611",2010-06-04,258.21,499.72,26.1,126.37,24.52
"612",2010-06-07,258.29,499.06,25.82,125.57,24.33
"613",2010-06-08,253.24,487.85,25.25,124.26,24.41
"614",2010-06-09,251.47,487.22,25.22,124.83,25.1
"615",2010-06-10,244.84,480.37,25.13,125.99,25.2
"616",2010-06-11,248.225,482.5,25.04,126.73,25.21
"617",2010-06-14,255.96,494.48,25.86,128.5,25.37
"618",2010-06-15,255.64,483.08,25.75,128.93,25.34
"619",2010-06-16,261.1,496.17,26.47,128.34,25.45
"620",2010-06-17,270.6,503.45,26.56,130.07,25.55
"621",2010-06-18,272.25,502.51,26.37,131.02,25.62
"622",2010-06-21,277.69,499.9,26.78,131.42,25.58
"623",2010-06-22,272.16,489.9,26.16,130.37,25.43
"624",2010-06-23,274.58,486.89,25.78,129.25,25.4
"625",2010-06-24,271,479.66,25.46,129.57,25.35
"626",2010-06-25,270.06,477.06,25.05,128.34,25.13
"627",2010-06-28,266.93,472.59,24.51,127.65,24.88
"628",2010-06-29,264.1205,463.44,24.13,127.35,24.86
"629",2010-06-30,256.71,454.96,23.3,124.83,24.35
"630",2010-07-01,254.3,445.29,23.09,123.55,24.26
"631",2010-07-02,250.49,441.62,23.36,123.29,24.42
"632",2010-07-06,251,444,23.7,123.58,24.47
"633",2010-07-07,250.49,438.31,23.82,123.47,24.01
"634",2010-07-08,262.48,453.55,24.6,127.37,24.39
"635",2010-07-09,256.89,471.96,24.33,127.9,24.6
"636",2010-07-12,258.53,472.37,24.43,127.37,24.75
"637",2010-07-13,256.32,482.25,25.14,128.97,24.93
"638",2010-07-14,249.38,489.88,25.5,129.32,24.86
"639",2010-07-15,248.23,491.73,25.5,129.87,24.99
"640",2010-07-16,253.18,469.12,25.51,129.96,24.97
"641",2010-07-19,249.88,461.01,24.96,128.67,24.81
"642",2010-07-20,242.9,461.03,24.86,122.97,24.69
"643",2010-07-21,265.09,484,25.6,126.44,24.89
"644",2010-07-22,257.68,483.23,25.51,126.32,25.39
"645",2010-07-23,257.09,480.77,25.84,127.3,25.84
"646",2010-07-26,260,489.09,25.86,128.18,25.73
"647",2010-07-27,260.87,490.575,26.14,128.78,26.02
"648",2010-07-28,263.67,494.94,26.07,128.67,26.24
"649",2010-07-29,260.71,485.95,26.13,129.06,26.34
"650",2010-07-30,255.8925,479.65,25.75,127.43,25.8
"651",2010-08-02,260.44,488.99,25.99,129.25,26.5
"652",2010-08-03,261.01,490.5,26.2,130.03,26.6
"653",2010-08-04,262.84,492.18,26.15,130.46,26.62
"654",2010-08-05,261.73,505.89,25.49,130.73,26.51
"655",2010-08-06,259.78,505.4,25.18,130.41,26.53
"656",2010-08-09,261.48,502.25,25.55,130.79,26.67
"657",2010-08-10,259.85,502.35,25.33,131.18,26.71
"658",2010-08-11,255.4,497.73,24.68,130.69,26.66
"659",2010-08-12,246.69,483.94,24.42,127.69,26.46
"660",2010-08-13,251.65,489,24.35,127.96,26.62
"661",2010-08-16,247.58,483.68,24.36,127.47,26.63
"662",2010-08-17,250.08,488.53,24.71,128.83,26.7
"663",2010-08-18,252.36,490.44,24.68,128.87,26.95
"664",2010-08-19,252.84,481.01,24.62,128.67,27.2
"665",2010-08-20,249.39,467.97,24.31,128.72,26.8
"666",2010-08-23,251.79,461.5,24.44,127.57,26.59
"667",2010-08-24,242.67,457.7,24.09,125.21,26.28
"668",2010-08-25,238.04,450,24,124.57,26.58
"669",2010-08-26,245.45,456.06,24.09,125.78,26.97
"670",2010-08-27,241.75,452.56,23.88,123.83,26.73
"671",2010-08-30,240.76,459.15,23.74,125.08,26.85
"672",2010-08-31,241.85,450.11,23.6,123.31,26.54
"673",2010-09-01,247.47,454.98,23.67,125.31,27.24
"674",2010-09-02,251.2623,462.84,23.88,126.03,27.36
"675",2010-09-03,255.09,470.52,24.24,126.22,27.31
"676",2010-09-07,256.64,464.5,24.1,126.99,27.4
"677",2010-09-08,259.78,465.19,24.07,126.02,27.31
"678",2010-09-09,265.04,477.83,24.19,127.27,27.54
"679",2010-09-10,263.19,479.02,23.98,126.99,27.88
"680",2010-09-13,265.82,480.9,24.2,128.63,27.99
"681",2010-09-14,266.21,482.01,25.04,128.43,27.94
"682",2010-09-15,268.17,479.95,25.1,128.65,27.91
"683",2010-09-16,270.24,479.95,25.06,129.2,28
"684",2010-09-17,277.69,483.75,25.4,129.92,28.24
"685",2010-09-20,276.08,492.5,25.28,130.24,28.41
"686",2010-09-21,283.86,509.68,25.42,131.45,28.58
"687",2010-09-22,282.71,512.86,24.89,131.61,28.7
"688",2010-09-23,286.33,514.61,24.51,131.42,28.53
"689",2010-09-24,292.1,521.74,24.64,132.42,28.7
"690",2010-09-27,293.975,528.8481,24.84,133.51,28.6
"691",2010-09-28,291.77,533.48,24.8,134.67,28.97
"692",2010-09-29,287.23,527.85,24.63,134.4,28.91
"693",2010-09-30,289,529.16,24.61,135.5,28.78
"694",2010-10-01,283.75,530,24.49,135.51,28.85
"695",2010-10-04,281.6,524.95,23.96,135.23,28.84
"696",2010-10-05,282,528.38,23.91,136.18,29.02
"697",2010-10-06,289.59,539.26,24.32,136.88,29.05
"698",2010-10-07,290.3362,536.21,24.62,137.92,28.65
"699",2010-10-08,291.7129,532.77,24.62,138.4,28.37
"700",2010-10-11,294.74,538.48,24.74,138.79,28.19
"701",2010-10-12,295.41,540.12,24.65,138.4,28.27
"702",2010-10-13,300.2,547,25.02,139.91,28.55
"703",2010-10-14,301.69,544.18,25.29,140.35,28.49
"704",2010-10-15,307.44,599.27,25.36,142.1,28.68
"705",2010-10-18,318.47,600.55,25.59,140.9,28.39
"706",2010-10-19,303.4,608.85,25.27,137.3,28.46
"707",2010-10-20,309,608.14,25.26,138.28,28.31
"708",2010-10-21,312.36,611.51,25.45,139.81,28.22
"709",2010-10-22,309.07,611.92,25.4,140.15,28.33
"710",2010-10-25,309.09,615.5878,25.24,140.42,28.49
"711",2010-10-26,306.87,613.1,25.12,139.29,28.37
"712",2010-10-27,307.65,615.77,25.79,139.52,28.26
"713",2010-10-28,307.95,620.05,26.21,141.84,28.54
"714",2010-10-29,304.23,617.07,27.15,140.9,28.42
"715",2010-11-01,302.22,615.73,26.88,143.64,28.83
"716",2010-11-02,307,618.67,27.06,143.85,28.95
"717",2010-11-03,311.37,617.5,27.33,144.24,29.01
"718",2010-11-04,315.45,624.64,27.41,144.82,29.23
"719",2010-11-05,317.99,623.18,27.17,145.94,29.46
"720",2010-11-08,317.2,624.02,26.68,145.35,29.095
"721",2010-11-09,321.05,630,26.81,146.7,29.19
"722",2010-11-10,316.64,622.08,27.01,146.09,29.07
"723",2010-11-11,315,619.7,26.68,144.7,28.95
"724",2010-11-12,316,613.99,26.47,144.59,28.73
"725",2010-11-15,308.46,603.08,26.33,143.89,28.56
"726",2010-11-16,305.72,592.76,26.04,142.93,28.46
"727",2010-11-17,301.2,585,25.9,142.49,28.18
"728",2010-11-18,305.2,589,25.71,143.04,28.19
"729",2010-11-19,307.97,597,25.8,144.38,28.38
"730",2010-11-22,306.68,587.47,25.65,144,28.32
"731",2010-11-23,310.45,587.01,25.57,144.24,28.1
"732",2010-11-24,312,587.31,25.2,143.95,28.13
"733",2010-11-26,313.74,590.46,25.21,145.3,28
"734",2010-11-29,315.5,589.17,25.19,143.53,27.85
"735",2010-11-30,313.54,574.32,25.05,142.24,27.78
"736",2010-12-01,315.27,563,25.57,143.61,28.12
"737",2010-12-02,317.53,568.6618,26.24,144.33,28.2101
"738",2010-12-03,317.01,569.45,26.81,144.25,28.38
"739",2010-12-06,318.64,580.57,26.93,144.54,28.39
"740",2010-12-07,323.8,591.27,27.08,146.02,28.41
"741",2010-12-08,319.63,591.97,26.83,144.35,28.69
"742",2010-12-09,322.1317,593.88,27.28,145.94,28.66
"743",2010-12-10,319.65,593.14,27.19,144.88,28.91
"744",2010-12-13,324.37,597.12,27.27,145.14,28.95
"745",2010-12-14,321.73,597.09,27.31,144.26,28.83
"746",2010-12-15,320,594.2,27.53,145.13,29.33
"747",2010-12-16,321.09,592.85,27.76,144.84,29.22
"748",2010-12-17,321.63,591,27.92,144.69,29.2
"749",2010-12-20,321.6,594.65,27.95,145.39,29.5
"750",2010-12-21,323,598.57,27.85,144.99,29.21
"751",2010-12-22,324.36,604,28.01,145.66,29.01
"752",2010-12-23,325,605.34,27.97,145.89,29.13
"753",2010-12-27,322.8519,602.74,28.12,145.12,29.18
"754",2010-12-28,325.9102,602.05,27.97,145.31,29.36
"755",2010-12-29,326.22,602,27.94,146,29.29
"756",2010-12-30,325.48,598,27.92,146.36,29.26
"757",2010-12-31,322.95,596.74,27.8,146.73,29.36
"758",2011-01-03,325.64,596.48,28.05,147.21,29.68
"759",2011-01-04,332.44,605.62,27.94,147.56,29.8
"760",2011-01-05,329.55,600.07,27.9,147.34,29.83
"761",2011-01-06,334.7194,610.68,28.04,147.13,29.57
"762",2011-01-07,333.99,615.91,28.64,148.79,29.1
"763",2011-01-10,338.83,614.8,28.26,147.58,28.54
"764",2011-01-11,344.88,617.71,28.2,148.2,28.12
"765",2011-01-12,343.25,619.35,28.12,147.99,27.91
"766",2011-01-13,345.16,616.97,28.33,149.24,28.14
"767",2011-01-14,345.89,617.4,28.08,148.89,28.01
"768",2011-01-18,329.52,626.06,28.16,149.82,28.55
"769",2011-01-19,348.35,642.12,28.46,153.26,28.34
"770",2011-01-20,336.43,632.21,28.5,154.53,28.49
"771",2011-01-21,333.77,639.58,28.4,156.4,28.31
"772",2011-01-24,326.87,607.57,28.02,155.42,28.46
"773",2011-01-25,336.33,608.2,28.14,159.21,28.48
"774",2011-01-26,342.96,620.33,28.51,161.67,28.87
"775",2011-01-27,343.78,617.89,28.75,161.43,28.08
"776",2011-01-28,344.17,619.07,28.895,161.05,28
"777",2011-01-31,335.8,603.6,27.77,159.18,27.42
"778",2011-02-01,341.3,604.49,27.8,162.11,27.92
"779",2011-02-02,344.45,611,27.93,163.4,28.04
"780",2011-02-03,343.8,609.48,27.965,163.16,27.67
"781",2011-02-04,343.64,610.15,27.7,163.48,28.06
"782",2011-02-07,347.89,610.16,27.8,164.08,27.97
"783",2011-02-08,353.68,614.93,28.1,164.82,27.97
"784",2011-02-09,355.19,616.87,28.19,165.62,27.78
"785",2011-02-10,357.39,613.9,27.93,163.9,27.98
"786",2011-02-11,354.7526,613.79,27.76,163.98,28.13
"787",2011-02-14,356.79,623.34,27.205,164.18,28.4
"788",2011-02-15,359.19,627.32,27.04,162.89,28.32
"789",2011-02-16,360.8,625.63,27.05,163.33,28.19
"790",2011-02-17,357.25,621.25,26.97,163.3,28.26
"791",2011-02-18,358.71,626,27.13,164.46,28.53
"792",2011-02-22,342.15,620.03,26.78,163.57,28.32
"793",2011-02-23,338.77,610.33,26.53,161.81,28.25
"794",2011-02-24,344.02,611.39,26.64,159.63,28.01
"795",2011-02-25,345.26,611.86,26.91,161.06,27.79
"796",2011-02-28,351.24,610,26.69,162.36,28.25
"797",2011-03-01,355.47,617.78,26.6,163.15,28.45
"798",2011-03-02,349.96,599.8,26.11,159.43,28.08
"799",2011-03-03,357.19,606.38,26.26,161.42,28.33
"800",2011-03-04,360.07,608.33,26.22,163.4,28.22
"801",2011-03-07,361.4,600.55,26.13,161.6,27.95
"802",2011-03-08,354.91,592.93,25.77,159.7,28.14
"803",2011-03-09,354.69,591,25.81,163.47,28.5
"804",2011-03-10,349.12,585.44,25.62,164.64,28.71
"805",2011-03-11,345.33,578.22,25.41,162.4,28.49
"806",2011-03-14,353.18,572.8,25.49,161.16,28.32
"807",2011-03-15,342.1,557.5,25.08,157.35,27.69
"808",2011-03-16,342,568.01,25.22,156.52,27.72
"809",2011-03-17,336.83,564.48,25.06,154,27.67
"810",2011-03-18,337.13,564.64,25.06,156.5,27.95
"811",2011-03-21,335.99,570.22,25.18,157.64,28.77
"812",2011-03-22,342.56,577.27,25.3,158.56,28.28
"813",2011-03-23,339.28,575.19,25.23,158,28.03
"814",2011-03-24,341.85,585.43,25.6,160.23,28.5
"815",2011-03-25,348.07,586.88,25.93,160.98,28.65
"816",2011-03-28,353.15,582.07,25.66,161.54,29.02
"817",2011-03-29,347.66,576,25.34,161.34,29.32
"818",2011-03-30,350.64,584.38,25.6,163.55,30.11
"819",2011-03-31,346.36,583,25.6,163.4,30.63
"820",2011-04-01,351.11,588.76,25.53,163.7,30.87
"821",2011-04-04,344.31,593,25.45,164.42,30.74
"822",2011-04-05,336.99,581.08,25.82,163.81,30.67
"823",2011-04-06,341.22,572.18,25.98,164.34,30.32
"824",2011-04-07,338.1,575.73,26.1876,164.1,30.48
"825",2011-04-08,339.92,584.8864,26.17,164.35,30.58
"826",2011-04-11,334.06,576.2,26.19,163.44,30.75
"827",2011-04-12,330.49,575,25.83,163.36,30.44
"828",2011-04-13,335.02,575.51,25.65,163.97,30.51
"829",2011-04-14,334.8,575.19,25.42,163.84,30.08
"830",2011-04-15,333.3,545.29,25.46,165,30.54
"831",2011-04-18,326.1,526.42,25.1,164.64,30.42
"832",2011-04-19,333.1,529.95,25,165.71,30.31
"833",2011-04-20,343.51,525.9,25.54,163.1,30.17
"834",2011-04-21,355,527.49,25.79,165.63,30.28
"835",2011-04-25,350.34,525.25,25.56,167.65,30.67
"836",2011-04-26,353.62,526.52,25.74,167.99,30.68
"837",2011-04-27,352.24,538,26.3,168.61,30.96
"838",2011-04-28,346.19,538.06,26.46,169.99,31.44
"839",2011-04-29,346.78,540,26.55,171.1,31.38
"840",2011-05-02,349.74,545.7,25.94,172.11,31.6
"841",2011-05-03,347.99,537.13,25.6,172,31.52
"842",2011-05-04,348.26,535.17,25.85,172.36,31.7
"843",2011-05-05,348.4,533.86,26.05,170.47,31.72
"844",2011-05-06,349.69,538.15,26.07,169.03,31.56
"845",2011-05-09,347.86,535,25.8,168.39,31.2
"846",2011-05-10,348.89,540,25.38,169.25,31.46
"847",2011-05-11,349.02,540.14,25.65,170.3,31.62
"848",2011-05-12,346.12,535.24,25.35,169.65,31.43
"849",2011-05-13,345.66,534.61,25.28,171.7,31.62
"850",2011-05-16,339.2,526.31,24.96,169.81,31.32
"851",2011-05-17,332,515.43,24.395,167.85,31.02
"852",2011-05-18,336.47,529.54,24.53,170.1,31.16
"853",2011-05-19,342.08,532.73,24.85,170.86,31.28
"854",2011-05-20,339.56,531.8,24.72,170.4,31.35
"855",2011-05-23,329.97,516.6,24.21,168.58,31
"856",2011-05-24,335.5,520.37,24.2,168.5,31.08
"857",2011-05-25,333.43,517.33,24.17,167.63,30.93
"858",2011-05-26,335.97,517.7,24.35,167.46,30.98
"859",2011-05-27,334.8,518.48,24.68,167.91,31.22
"860",2011-05-31,341.1,525,24.96,168.44,31.48
"861",2011-06-01,348.87,528.04,24.99,168.9,31.43
"862",2011-06-02,346.5,527.57,24.49,166.44,31.17
"863",2011-06-03,343.18,522,24.05,164.3,30.6
"864",2011-06-06,344.84,525.18,24.05,164.76,30.55
"865",2011-06-07,338.17,522.89,24.09,165.11,30.46
"866",2011-06-08,331.78,516.53,23.9,163.27,30.21
"867",2011-06-09,333.25,520,24.01,165.01,30.31
"868",2011-06-10,330.55,514.08,24.02,164.57,30.27
"869",2011-06-13,327.2,510,23.79,164.44,30.28
"870",2011-06-14,330,508.15,24.3,163.87,30.74
"871",2011-06-15,329.75,505.03,24,162.75,30.63
"872",2011-06-16,326.9,502.81,23.75,162.06,30.23
"873",2011-06-17,328.99,506.18,24.22,164.24,30.65
"874",2011-06-20,317.355,485,24.17,163.7,30.66
"875",2011-06-21,316.68,487.19,24.52,165.2,31.13
"876",2011-06-22,325.16,491.45,24.6,165.59,31.01
"877",2011-06-23,318.94,482.13,24.44,164.06,30.62
"878",2011-06-24,331.37,480.68,24.51,165.85,30.77
"879",2011-06-27,327.59,474,24.23,165.74,30.65
"880",2011-06-28,333.65,484.02,25.3,168.33,30.88
"881",2011-06-29,336.04,496.54,25.71,170.61,31.16
"882",2011-06-30,334.7,501.99,25.74,171.11,31.39
"883",2011-07-01,335.95,506.74,25.93,171.61,31.42
"884",2011-07-05,343,525.3,26.1,173.52,31.74
"885",2011-07-06,348.95,533.5,25.97,175.19,31.35
"886",2011-07-07,354.67,541,26.49,176.78,31.25
"887",2011-07-08,353.34,532.95,26.54,175.49,31.05
"888",2011-07-11,356.34,528.18,26.62,174.9,30.91
"889",2011-07-12,353.53,528.16,26.55,174.93,30.69
"890",2011-07-13,358.33,537,26.6,174.9,30.86
"891",2011-07-14,361.01,539.12,26.62,174.4,30.85
"892",2011-07-15,361.17,597.5,26.47,175.08,30.7
"893",2011-07-18,365.43,592.49,26.63,174.73,30.17
"894",2011-07-19,378,596.14,26.81,178.74,30.16
"895",2011-07-20,396.12,602.18,27.28,183.84,30.33
"896",2011-07-21,386.95,594.03,27.04,183.59,30.46
"897",2011-07-22,388.32,605.39,26.86,184.64,30.04
"898",2011-07-25,390.35,613.36,27.26,183.89,30.01
"899",2011-07-26,400,618.05,27.82,182.94,29.91
"900",2011-07-27,400.59,617.18,27.88,182.01,29.9
"901",2011-07-28,391.62,605.19,27.29,181.06,29.93
"902",2011-07-29,387.64,604.23,27.52,180.26,28.99
"903",2011-08-01,397.78,611.22,27.51,182.6,30.06
"904",2011-08-02,397.65,606,26.98,179.95,29.46
"905",2011-08-03,390.98,594.27,26.83,177.67,29.19
"906",2011-08-04,389.41,594.5,26.53,176.5,29.18
"907",2011-08-05,380.44,582.545,25.97,172.1,29.05
"908",2011-08-08,361.69,562.98,25.02,168.83,28.31
"909",2011-08-09,361.3,561,24.71,167.46,28.01
"910",2011-08-10,371.15,561.38,24.95,168.18,28.91
"911",2011-08-11,370.52,553.82,24.5,164.1,28.02
"912",2011-08-12,378.07,569.5,25.13,168.5,28.94
"913",2011-08-15,379.63,553.43,25.24,171.32,28.5
"914",2011-08-16,381.52,552.43,25.215,172.19,28.52
"915",2011-08-17,382.31,540.03,25.25,171.57,28.94
"916",2011-08-18,370.84,523.47,24.57,166.32,28.95
"917",2011-08-19,362.17,499.34,24.41,162.17,28.19
"918",2011-08-22,364.51,504,24.42,161.35,28.68
"919",2011-08-23,360.3,503.5,24.03,160.65,28.44
"920",2011-08-24,373.47,519.33,24.65,164.13,28.87
"921",2011-08-25,365.08,530.38,25.08,167.52,29.41
"922",2011-08-26,371.17,519.99,24.51,164.85,28.88
"923",2011-08-29,388.18,534.56,25.53,170.58,29.35
"924",2011-08-30,388.25,538.19,25.73,172.06,29.31
"925",2011-08-31,390.57,544.74,26.29,173.29,29.86
"926",2011-09-01,385.82,540.75,26.46,172.71,28.59
"927",2011-09-02,374.74,524.47,25.78,167.69,28.06
"928",2011-09-06,367.37,510.8,25.2,163.06,27.94
"929",2011-09-07,385.56,530.45,25.69,167.28,28.07
"930",2011-09-08,382.4,533.8,26,167,27.97
"931",2011-09-09,383.93,531.4,26,164.57,27.8
"932",2011-09-12,375.89,520.67,25.605,159.64,27.45
"933",2011-09-13,382.14,532,25.92,163.64,27.87
"934",2011-09-14,387.02,532.59,26.17,164.01,28.18
"935",2011-09-15,391.43,535.5,26.73,168.64,28.22
"936",2011-09-16,395.54,544.8,27.05,171.33,28.82
"937",2011-09-19,397,540.35,26.8,169.5,28.54
"938",2011-09-20,415.25,549.4,27.31,173.57,28.77
"939",2011-09-21,419.64,547.69,27.05,175,28.92
"940",2011-09-22,401.03,526.25,25.3,168.33,27.92
"941",2011-09-23,400.28,516.56,24.9,166.99,27.77
"942",2011-09-26,399.86,527.25,25.19,170.96,28.06
"943",2011-09-27,408.73,538.2,25.66,176.82,28.77
"944",2011-09-28,400.19,541.5,25.93,177.97,28.79
"945",2011-09-29,401.92,536.04,25.98,179.69,28.94
"946",2011-09-30,387.12,520.21,25.2,176.01,28.73
"947",2011-10-03,380.37,509.85,24.72,174.36,28.64
"948",2011-10-04,374.57,490.03,24.3,171.54,28.05
"949",2011-10-05,367.86,496.35,25.42,174.57,28
"950",2011-10-06,373.33,507.5,25.9,176.81,28.26
"951",2011-10-07,375.78,516.83,26.34,182.32,28.68
"952",2011-10-10,379.09,525.18,26.58,183,28.84
"953",2011-10-11,392.57,533.46,26.86,184.59,28.88
"954",2011-10-12,407.34,548.13,27.18,186.08,28.91
"955",2011-10-13,404.98,550.03,26.76,184.97,28.83
"956",2011-10-14,416.83,599.47,27.31,188.19,29.37
"957",2011-10-17,421.74,583.72,27.1139,189.71,29.19
"958",2011-10-18,421.76,580.19,26.94,178,29.05
"959",2011-10-19,401.35,587.34,27.37,179.68,29.27
"960",2011-10-20,400,581.9,27.26,178.13,28.79
"961",2011-10-21,398.1,589.51,27.15,179.11,29.25
"962",2011-10-24,396.18,586.72,27.06,181.51,29.11
"963",2011-10-25,405.03,593.1,27.08,181.66,28.73
"964",2011-10-26,401.76,589.55,27.03,181.74,28.7
"965",2011-10-27,407.56,598.42,27.13,184.99,29.2
"966",2011-10-28,403,594.52,27.14,185.57,29.48
"967",2011-10-31,402.42,595.09,26.755,185.59,29.46
"968",2011-11-01,397.41,580.1,26.19,181.55,29.03
"969",2011-11-02,400.09,584.9,26.1,184,29.16
"970",2011-11-03,399.07,587,26.24,185.13,29.3
"971",2011-11-04,402.03,593.5,26.38,186.27,29.14
"972",2011-11-07,399.91,593.32,26.21,186.22,29.2
"973",2011-11-08,402.21,609,27.01,187.48,29.31
"974",2011-11-09,396.97,604.26,26.59,184.2,29.13
"975",2011-11-10,397.03,605.935,26.47,183.58,29.07
"976",2011-11-11,386.61,601.3,26.5799,185.27,29.4
"977",2011-11-14,383.5201,608,26.8799,189.17,29.26
"978",2011-11-15,380.8,612.8,26.56,187.49,29.21
"979",2011-11-16,389.25,612.08,26.47,187.82,29.12
"980",2011-11-17,383.98,610.05,26.01,186.81,28.81
"981",2011-11-18,378.92,602,25.48,186.71,28.68
"982",2011-11-21,370.4,587.76,25.24,183.37,28.39
"983",2011-11-22,371.02,580,24.89,182.22,28.38
"984",2011-11-23,374.51,575.35,24.61,180.67,27.98
"985",2011-11-25,368.42,565.19,24.38,178.01,27.5
"986",2011-11-28,372.35,579.37,24.94,182.71,27.92
"987",2011-11-29,375.84,587.88,24.82,182.02,28.01
"988",2011-11-30,381.29,597.95,25.3701,184.57,28.57
"989",2011-12-01,382.54,600,25.56,187.01,28.93
"990",2011-12-02,389.83,617.05,25.59,189.92,28.99
"991",2011-12-05,393.49,627.64,25.78,191.18,29.18
"992",2011-12-06,392.51,622.99,25.81,190.65,29.18
"993",2011-12-07,389.93,621.68,25.67,191.99,29.14
"994",2011-12-08,391.45,621.04,25.48,192.48,29.23
"995",2011-12-09,392.85,618,25.52,192.91,29.08
"996",2011-12-12,391.68,621.88,25.41,193.64,29.02
"997",2011-12-13,393,628.76,25.75,193.46,29.06
"998",2011-12-14,386.7,621.848,25.72,189.84,29.01
"999",2011-12-15,383.33,622.52,25.72,190.48,28.99
"1000",2011-12-16,380.36,624.32,25.67,188.01,28.55
"1001",2011-12-19,382.47,628.01,26.02,184.51,28.98
"1002",2011-12-20,387.76,628,25.86,185.5,28.84
"1003",2011-12-21,396.69,630.01,26.01,183.22,29.15
"1004",2011-12-22,397,627.95,25.82,182.71,29.44
"1005",2011-12-23,399.69,632,25.9101,183.11,29.72
"1006",2011-12-27,403.1,632.05,25.96,184.97,29.92
"1007",2011-12-28,406.89,642.75,26.11,185.19,30.05
"1008",2011-12-29,403.4,641.49,25.95,184.07,30.05
"1009",2011-12-30,403.51,642.02,26,186.33,30.1
"1010",2012-01-03,409.4,652.94,26.55,186.73,30.46
"1011",2012-01-04,410,665.03,26.8199,185.57,30.58
"1012",2012-01-05,414.95,662.13,27.38,184.81,30.49
"1013",2012-01-06,419.77,659.15,27.53,184.39,30.07
"1014",2012-01-09,425.5001,646.5,28.05,182.2,29.81
"1015",2012-01-10,425.9101,629.75,27.93,183.23,29.8
"1016",2012-01-11,422.68,623.5,27.43,180.73,29.73
"1017",2012-01-12,422.28,631.22,27.87,181.86,30.08
"1018",2012-01-13,419.7,626.26,27.93,179.48,30.05
"1019",2012-01-17,424.2,631.98,28.4,180.36,30.3
"1020",2012-01-18,426.96,626.63,28.31,179.83,30.32
"1021",2012-01-19,430.15,640.99,28.16,181.79,30.32
"1022",2012-01-20,427.49,590.53,28.82,185.77,30.42
"1023",2012-01-23,422.67,586,29.55,187.91,30.51
"1024",2012-01-24,425.1001,586.32,29.47,188.63,30.2
"1025",2012-01-25,454.44,577.51,29.07,191.33,30.06
"1026",2012-01-26,448.36,571.98,29.61,191.79,29.9
"1027",2012-01-27,444.34,570.78,29.45,190.01,29.49
"1028",2012-01-30,445.71,578.05,28.97,189.39,29.12
"1029",2012-01-31,455.59,583,29.66,193.09,29.54
"1030",2012-02-01,458.41,584.94,29.79,193.21,29.91
"1031",2012-02-02,455.9,584.87,29.9,192.72,29.87
"1032",2012-02-03,457.3,590.66,30.1401,192.93,29.97
"1033",2012-02-06,458.38,595.01,30.04,192.48,29.83
"1034",2012-02-07,465.25,607.15,30.15,192.45,29.85
"1035",2012-02-08,470.5,608.64,30.26,192.78,30.04
"1036",2012-02-09,480.76,612.02,30.68,193.03,30.06
"1037",2012-02-10,490.96,607.88,30.64,191.76,29.82
"1038",2012-02-13,499.53,610.5,30.63,193.31,29.92
"1039",2012-02-14,504.66,611.54,30.33,191.76,30.12
"1040",2012-02-15,514.26,612.93,30.3301,192.31,29.98
"1041",2012-02-16,491.5,602.82,30.31,192.61,29.9
"1042",2012-02-17,503.11,604.97,31.2,193.71,30.14
"1043",2012-02-21,506.88,603.87,31.18,193.73,30.1
"1044",2012-02-22,513.08,611.96,31.45,193.03,30.25
"1045",2012-02-23,514.54,605.6512,31.2,193.87,30.22
"1046",2012-02-24,519.67,607.35,31.48,198.38,30.43
"1047",2012-02-27,521.31,606.59,31.24,196.78,30.31
"1048",2012-02-28,527.96,610,31.41,197.75,30.41
"1049",2012-02-29,541.56,618.6,31.885,197.86,30.49
"1050",2012-03-01,548.17,622.26,31.93,197.23,30.54
"1051",2012-03-02,544.24,622,32.31,197.1,30.67
"1052",2012-03-05,545.42,620.43,32.01,198.36,30.85
"1053",2012-03-06,523.66,608.05,31.54,199.14,30.8
"1054",2012-03-07,536.8,609.05,31.67,198.09,30.69
"1055",2012-03-08,534.69,610.04,32.04,199.24,31.07
"1056",2012-03-09,544.21,607.95,32.1,199.98,31
"1057",2012-03-12,548.982,600,31.97,200.93,31.2
"1058",2012-03-13,557.54,608.75,32.24,201.72,31.52
"1059",2012-03-14,578.05,615,32.53,203.78,31.6
"1060",2012-03-15,599.61,616.6,32.79,204.94,31.41
"1061",2012-03-16,584.72,620.89,32.91,207.03,31.7
"1062",2012-03-19,598.37,623.12,32.535,205.71,31.46
"1063",2012-03-20,599.51,630.92,32.1,204.74,31.6
"1064",2012-03-21,602.74,634.61,31.96,204.32,31.85
"1065",2012-03-22,597.78,638.5,31.81,204,31.8
"1066",2012-03-23,600.49,646.6,32.1,205.89,31.66
"1067",2012-03-26,599.79,645,32.19,206.45,31.61
"1068",2012-03-27,606.18,647.03,32.65,208.46,31.79
"1069",2012-03-28,618.38,652.03,32.52,207.44,31.53
"1070",2012-03-29,612.78,653.44,32.06,206.09,31.05
"1071",2012-03-30,608.77,651.75,32.4,208.74,31.32
"1072",2012-04-02,601.83,640.77,32.22,208.96,31.28
"1073",2012-04-03,627.3,645.41,32.16,209.31,31.43
"1074",2012-04-04,624.35,638.45,31.66,206.22,31.38
"1075",2012-04-05,626.98,632.24,31.15,205.15,31.09
"1076",2012-04-09,626.13,628.48,31.22,204.4,30.67
"1077",2012-04-10,639.93,633.52,31.06,204.94,30.52
"1078",2012-04-11,636.2,633.97,30.43,203.99,30.39
"1079",2012-04-12,625,642.35,30.48,202.8,30.79
"1080",2012-04-13,624.11,647.55,30.89,204.32,30.75
"1081",2012-04-16,610.06,623,30.99,204.74,30.56
"1082",2012-04-17,578.94,608.56,31.27,204.57,30.77
"1083",2012-04-18,613.72,608.05,31.28,202.43,30.75
"1084",2012-04-19,600.22,605.69,31.13,200.03,30.79
"1085",2012-04-20,591.38,604.25,32.15,199.83,30.74
"1086",2012-04-23,570.61,592.9,32.31,197.89,30.87
"1087",2012-04-24,562.61,598.24,32.21,199.06,31.22
"1088",2012-04-25,615.635,604,31.92,202.02,31.76
"1089",2012-04-26,614.27,610.91,32.12,203.4,31.79
"1090",2012-04-27,605.07,615.02,32.12,206.47,32.47
"1091",2012-04-30,597.8,612.99,31.98,206.71,32.53
"1092",2012-05-01,584.9,603.79,32.05,207.18,32.93
"1093",2012-05-02,580.24,601.2,31.85,206.97,33.04
"1094",2012-05-03,590.5,609.62,31.88,208.27,32.82
"1095",2012-05-04,577.08,605.92,31.45,206.47,33.04
"1096",2012-05-07,561.5,595,30.7,203.96,32.49
"1097",2012-05-08,569.58,605.53,30.48,202.44,32.81
"1098",2012-05-09,563.7,606.82,30.19,199.99,32.87
"1099",2012-05-10,574.58,612.96,30.86,201,33.07
"1100",2012-05-11,565,610.35,30.69,199.96,33.38
"1101",2012-05-14,562.57,600.78,30.82,199.92,33.42
"1102",2012-05-15,561.45,605.35,30.64,199.44,33.31
"1103",2012-05-16,554.05,617.96,30.31,199.42,33.47
"1104",2012-05-17,545.31,633.83,29.99,199.67,33.17
"1105",2012-05-18,533.96,625.1,29.79,198.78,33.41
"1106",2012-05-21,534.5,600.51,29.1,195.98,33.71
"1107",2012-05-22,569.55,613.44,29.69,198.04,33.56
"1108",2012-05-23,557.5,601.65,29.35,195.53,33.34
"1109",2012-05-24,575.87,609.16,29.16,195.99,33.38
"1110",2012-05-25,564.59,601,29.2,195.11,33.66
"1111",2012-05-29,570.9,595.81,29.38,195.22,33.89
"1112",2012-05-30,569.2,588.16,29.35,194.8,33.72
"1113",2012-05-31,580.74,588.72,29.3,194.1,33.82
"1114",2012-06-01,569.16,571.79,28.76,190.12,34.1
"1115",2012-06-04,561.5,570.22,28.62,188.34,33.91
"1116",2012-06-05,561.27,575.45,28.51,187.92,34.09
"1117",2012-06-06,567.77,576.48,28.88,190.78,34.19
"1118",2012-06-07,577.29,587.6,29.64,195.28,34.72
"1119",2012-06-08,571.6,575.85,29.21,193.71,34.13
"1120",2012-06-11,587.72,584.21,29.73,196.6,34.72
"1121",2012-06-12,574.46,569.77,29.1,192.14,34.63
"1122",2012-06-13,574.52,561.72,29.22,194.36,34.94
"1123",2012-06-14,571.24,561.3,29.33,193,34.92
"1124",2012-06-15,571,560.34,29.59,196.08,35.93
"1125",2012-06-18,570.96,562.62,29.99,197.57,35.66
"1126",2012-06-19,583.4,573.59,30.19,198.83,35.78
"1127",2012-06-20,588.21,579.81,30.93,198.7,35.38
"1128",2012-06-21,585.44,579.84,30.96,199.07,35.44
"1129",2012-06-22,579.04,568,30.3,193.87,35.21
"1130",2012-06-25,577.3,567.33,30.3001,192.48,34.96
"1131",2012-06-26,571.33,562.76,30,193.54,34.93
"1132",2012-06-27,575,567.7,30.19,192.14,35.05
"1133",2012-06-28,571.67,565.9,29.98,191.23,35.03
"1134",2012-06-29,578,574.96,30.45,194.55,35.7
"1135",2012-07-02,584.73,581.82,30.62,196.36,35.7
"1136",2012-07-03,594.88,580.01,30.23,195.46,36.21
"1137",2012-07-05,600.56,588.76,30.59,194.88,35.96
"1138",2012-07-06,607.09,592.45,30.61,193.92,35.04
"1139",2012-07-09,605.3,584.95,30.12,190.76,35.38
"1140",2012-07-10,617.97,590.19,30.08,190.3,35.7
"1141",2012-07-11,606.12,576.3,29.71,186.22,35.42
"1142",2012-07-12,600.24,567.12,29.15,184.25,35.04
"1143",2012-07-13,602.95,572.15,28.76,183.46,34.93
"1144",2012-07-16,605.12,576.37,29.48,185.58,35.22
"1145",2012-07-17,610.79,578.43,29.64,185.73,35.34
"1146",2012-07-18,606.59,576.98,29.6,184.15,35.74
"1147",2012-07-19,611.28,586.14,30.51,193.4,35.85
"1148",2012-07-20,613.03,608.76,31,194.09,35.34
"1149",2012-07-23,594.4,600.48,29.57,189.78,35
"1150",2012-07-24,607.38,615,29.2401,190.92,35.46
"1151",2012-07-25,574.46,608.32,29.24,190.31,34.84
"1152",2012-07-26,579.76,615,29.23,193.49,35.84
"1153",2012-07-27,575.01,618.89,29.48,195.1,36.47
"1154",2012-07-30,590.92,636.05,29.75,196.32,37.08
"1155",2012-07-31,603.23,628.26,29.48,196.5,37.3
"1156",2012-08-01,615.905,637.3,29.59,196.96,38.14
"1157",2012-08-02,602.84,625.51,29.21,194.16,37.52
"1158",2012-08-03,613.63,640,29.53,196.48,37.87
"1159",2012-08-06,617.29,639.61,30,198.76,37.58
"1160",2012-08-07,622.77,641.79,30.07,199.43,37.72
"1161",2012-08-08,619.39,639.05,30.21,198.27,37.33
"1162",2012-08-09,617.85,644.51,30.39,198.62,37.32
"1163",2012-08-10,618.71,638.59,30.5,197.87,37.18
"1164",2012-08-13,623.39,647.42,30.35,198.88,37.41
"1165",2012-08-14,631.87,659.25,30.3,198.88,37.44
"1166",2012-08-15,631.3,670.28,30.11,198.9,37.11
"1167",2012-08-16,631.21,667.51,30.3605,198.77,37.08
"1168",2012-08-17,640,674.12,30.92,201.08,37.28
"1169",2012-08-20,650.01,675.5,30.82,200.69,37.03
"1170",2012-08-21,670.82,673.11,30.76,200.99,36.86
"1171",2012-08-22,654.42,667.38,30.59,198.64,36.54
"1172",2012-08-23,666.11,674.27,30.39,197.04,36.57
"1173",2012-08-24,659.51,675.6,30.25,194.96,36.46
"1174",2012-08-27,679.99,662.99,30.93,197.96,36.83
"1175",2012-08-28,674.9773,665,30.7,195.56,36.73
"1176",2012-08-29,675.25,677.37,30.6518,195.13,36.66
"1177",2012-08-30,670.64,684.24,30.53,194.77,36.7
"1178",2012-08-31,667.25,684,30.6,194.31,36.9
"1179",2012-09-04,665.76,684.55,30.45,196.61,36.58
"1180",2012-09-05,675.57,680,30.22,194.41,36.78
"1181",2012-09-06,673.17,685.96,30.5,196.26,37.18
"1182",2012-09-07,678.05,700,31.04,199.12,37.46
"1183",2012-09-10,680.45,709.76,30.83,199.39,37.32
"1184",2012-09-11,665.11,697.96,30.69,200.55,37.44
"1185",2012-09-12,666.85,689.41,30.94,203.52,37.65
"1186",2012-09-13,677.37,693.09,30.89,204.38,37.69
"1187",2012-09-14,689.955,709.6,31.01,206.24,37.74
"1188",2012-09-17,699.35,708.11,31.19,205.55,37.14
"1189",2012-09-18,699.88,707.78,31.1,206.88,37.52
"1190",2012-09-19,700.26,717.5,31.09,207.55,37.55
"1191",2012-09-20,699.16,724.47,30.95,205.85,37.72
"1192",2012-09-21,702.41,732.21,31.43,207.36,38.04
"1193",2012-09-24,686.86,731,31,205.02,38.3
"1194",2012-09-25,688.26,753.05,30.95,205.6,38.34
"1195",2012-09-26,668.74,749.85,30.28,205.05,38.08
"1196",2012-09-27,664.29,759.95,30.17,204.37,38.135
"1197",2012-09-28,678.75,754.15,30.18,205.66,37.91
"1198",2012-10-01,671.5,759.05,29.81,208.01,37.63
"1199",2012-10-02,661.81,765.2,29.68,210.96,37.93
"1200",2012-10-03,664.86,755.72,29.75,209.94,37.89
"1201",2012-10-04,671.25,762.75,29.955,210.28,38.33
"1202",2012-10-05,665.2,770.71,30.23,211.15,38.2
"1203",2012-10-08,646.88,761,29.64,210.02,37.71
"1204",2012-10-09,638.65,759.67,29.68,209.95,37.66
"1205",2012-10-10,639.74,741.86,29.15,207.82,37.09
"1206",2012-10-11,646.5,752.9,29.215,206.57,37.01
"1207",2012-10-12,629.56,751.85,28.97,205.64,36.25
"1208",2012-10-15,632.35,741.94,29.37,208.88,35.4
"1209",2012-10-16,635.34,740.13,29.45,209.94,35.23
"1210",2012-10-17,648.87,743.95,29.3,201.21,35.6
"1211",2012-10-18,639.59,755.54,29.65,199.91,35.85
"1212",2012-10-19,631.05,705.58,29.05,195.29,36.1
"1213",2012-10-22,612.42,681.45,28.73,193.71,35.24
"1214",2012-10-23,631,672.01,27.765,193.53,35.01
"1215",2012-10-24,621.44,686.8,28.16,192.44,34.48
"1216",2012-10-25,620,680,28.19,191.41,34.94
"1217",2012-10-26,609.43,676.5,27.86,191.49,34.47
"1218",2012-10-31,594.88,679.86,28.55,194.8,34.75
"1219",2012-11-01,598.22,679.5,28.84,194.96,34.84
"1220",2012-11-02,595.89,694.79,29.59,197.53,35.16
"1221",2012-11-05,583.515,684.5,29.62,192.36,34.88
"1222",2012-11-06,590.23,685.48,29.82,195.26,34.8
"1223",2012-11-07,573.835,675,29.53,193.36,33.8
"1224",2012-11-08,560.63,670.2,29.12,191.4,33.81
"1225",2012-11-09,540.42,654.65,28.88,189.85,33.02
"1226",2012-11-12,554.15,663.75,28.94,190.03,33.66
"1227",2012-11-13,538.91,663,27.02,188.39,33.87
"1228",2012-11-14,545.5,660.66,27.24,189.14,34.05
"1229",2012-11-15,537.53,650,26.88,185.83,33.65
"1230",2012-11-16,525.2,645.99,26.67,186.33,33.33
"1231",2012-11-19,540.7097,655.7,26.8,188.62,33.46
"1232",2012-11-20,571.91,669.51,26.76,189.88,33.83
"1233",2012-11-21,564.25,668.99,26.71,189.3,33.78
"1234",2012-11-23,567.17,669.97,27.23,191,33.96
"1235",2012-11-26,575.9,666.44,27.54,192.45,34.14
"1236",2012-11-27,589.55,660.17,27.3599,192.08,33.93
"1237",2012-11-28,577.27,668.01,27.01,190.98,33.47
"1238",2012-11-29,590.215,687.78,27.11,192.75,33.79
"1239",2012-11-30,586.79,691.31,27.05,191.75,33.95
"1240",2012-12-03,593.65,702.24,26.78,190.76,34.23
"1241",2012-12-04,581.8,695,26.5,189.71,34.05
"1242",2012-12-05,568.91,692.15,26.38,189.01,33.78
"1243",2012-12-06,528.94,687.59,26.81,189.17,33.85
"1244",2012-12-07,553.4,695,26.82,190.14,33.7
"1245",2012-12-10,525,685.39,26.56,192.17,33.68
"1246",2012-12-11,539.77,690,27.05,193.18,33.81
"1247",2012-12-12,547.77,699.23,27.53,194.6,34.25
"1248",2012-12-13,531.15,715.92,27.32,192.18,34.5
"1249",2012-12-14,514.75,699.17,27.11,191.69,34.25
"1250",2012-12-17,508.93,705.5,26.79,191.76,34.08
"1251",2012-12-18,525,716.6,27.25,193.85,34.14
"1252",2012-12-19,531.47,720.71,27.69,195.46,34.27
"1253",2012-12-20,530,723.26,27.36,194.47,33.88
"1254",2012-12-21,512.47,713.97,27.45,193.1,33.94
"1255",2012-12-24,520.35,714.51,27.2,193.05,33.49
"1256",2012-12-26,519,708.07,27.03,192.21,33.8
"1257",2012-12-27,513.54,707.14,26.89,191.53,33.85
"1258",2012-12-28,510.29,701.69,26.71,191.11,33.46
"1259",2012-12-31,510.53,700,26.59,189.23,33.13
